09000000001
09000000002
09000000003
09000000004
09000000005
09000000006
09000000007
09000000008
09000000009
09000000010
09000000011
09000000012
09000000013
09000000014
09000000015
09000000016
09000000017
09000000018
09000000019
09000000020
09000000021
09000000022
09000000023
09000000024
09000000025
09000000026
09000000027
09000000028
09000000029
09000000030
09000000031
09000000032
09000000033
09000000034
09000000035
09000000036
09000000037
09000000038
09000000039
09000000040
09000000041
09000000042
09000000043
09000000044
09000000045
09000000046
09000000047
09000000048
09000000049
09000000050
09000000051
09000000052
09000000053
09000000054
09000000055
09000000056
09000000057
09000000058
09000000059
09000000060
09000000061
09000000062
09000000063
09000000064
09000000065
09000000066
09000000067
09000000068
09000000069
09000000070
09000000071
09000000072
09000000073
09000000074
09000000075
09000000076
09000000077
09000000078
09000000079
09000000080
09000000081
09000000082
09000000083
09000000084
09000000085
09000000086
09000000087
09000000088
09000000089
09000000090
09000000091
09000000092
09000000093
09000000094
09000000095
09000000096
09000000097
09000000098
09000000099
09000000100
09000000101
09000000102
09000000103
09000000104
09000000105
09000000106
09000000107
09000000108
09000000109
09000000110
09000000111
09000000112
09000000113
09000000114
09000000115
09000000116
09000000117
09000000118
09000000119
09000000120
09000000121
09000000122
09000000123
09000000124
09000000125
09000000126
09000000127
09000000128
09000000129
09000000130
09000000131
09000000132
09000000133
09000000134
09000000135
09000000136
09000000137
09000000138
09000000139
09000000140
09000000141
09000000142
09000000143
09000000144
09000000145
09000000146
09000000147
09000000148
09000000149
09000000150
09000000151
09000000152
09000000153
09000000154
09000000155
09000000156
09000000157
09000000158
09000000159
09000000160
09000000161
09000000162
09000000163
09000000164
09000000165
09000000166
09000000167
09000000168
09000000169
09000000170
09000000171
09000000172
09000000173
09000000174
09000000175
09000000176
09000000177
09000000178
09000000179
09000000180
09000000181
09000000182
09000000183
09000000184
09000000185
09000000186
09000000187
09000000188
09000000189
09000000190
09000000191
09000000192
09000000193
09000000194
09000000195
09000000196
09000000197
09000000198
09000000199
09000000200
09000000201
09000000202
09000000203
09000000204
09000000205
09000000206
09000000207
09000000208
09000000209
09000000210
09000000211
09000000212
09000000213
09000000214
09000000215
09000000216
09000000217
09000000218
09000000219
09000000220
09000000221
09000000222
09000000223
09000000224
09000000225
09000000226
09000000227
09000000228
09000000229
09000000230
09000000231
09000000232
09000000233
09000000234
09000000235
09000000236
09000000237
09000000238
09000000239
09000000240
09000000241
09000000242
09000000243
09000000244
09000000245
09000000246
09000000247
09000000248
09000000249
09000000250
09000000251
09000000252
09000000253
09000000254
09000000255
09000000256
09000000257
09000000258
09000000259
09000000260
09000000261
09000000262
09000000263
09000000264
09000000265
09000000266
09000000267
09000000268
09000000269
09000000270
09000000271
09000000272
09000000273
09000000274
09000000275
09000000276
09000000277
09000000278
09000000279
09000000280
09000000281
09000000282
09000000283
09000000284
09000000285
09000000286
09000000287
09000000288
09000000289
09000000290
09000000291
09000000292
09000000293
09000000294
09000000295
09000000296
09000000297
09000000298
09000000299
09000000300
09000000301
09000000302
09000000303
09000000304
09000000305
09000000306
09000000307
09000000308
09000000309
09000000310
09000000311
09000000312
09000000313
09000000314
09000000315
09000000316
09000000317
09000000318
09000000319
09000000320
09000000321
09000000322
09000000323
09000000324
09000000325
09000000326
09000000327
09000000328
09000000329
09000000330
09000000331
09000000332
09000000333
09000000334
09000000335
09000000336
09000000337
09000000338
09000000339
09000000340
09000000341
09000000342
09000000343
09000000344
09000000345
09000000346
09000000347
09000000348
09000000349
09000000350
09000000351
09000000352
09000000353
09000000354
09000000355
09000000356
09000000357
09000000358
09000000359
09000000360
09000000361
09000000362
09000000363
09000000364
09000000365
09000000366
09000000367
09000000368
09000000369
09000000370
09000000371
09000000372
09000000373
09000000374
09000000375
09000000376
09000000377
09000000378
09000000379
09000000380
09000000381
09000000382
09000000383
09000000384
09000000385
09000000386
09000000387
09000000388
09000000389
09000000390
09000000391
09000000392
09000000393
09000000394
09000000395
09000000396
09000000397
09000000398
09000000399
09000000400
09000000401
09000000402
09000000403
09000000404
09000000405
09000000406
09000000407
09000000408
09000000409
09000000410
09000000411
09000000412
09000000413
09000000414
09000000415
09000000416
09000000417
09000000418
09000000419
09000000420
09000000421
09000000422
09000000423
09000000424
09000000425
09000000426
09000000427
09000000428
09000000429
09000000430
09000000431
09000000432
09000000433
09000000434
09000000435
09000000436
09000000437
09000000438
09000000439
09000000440
09000000441
09000000442
09000000443
09000000444
09000000445
09000000446
09000000447
09000000448
09000000449
09000000450
09000000451
09000000452
09000000453
09000000454
09000000455
09000000456
09000000457
09000000458
09000000459
09000000460
09000000461
09000000462
09000000463
09000000464
09000000465
09000000466
09000000467
09000000468
09000000469
09000000470
09000000471
09000000472
09000000473
09000000474
09000000475
09000000476
09000000477
09000000478
09000000479
09000000480
09000000481
09000000482
09000000483
09000000484
09000000485
09000000486
09000000487
09000000488
09000000489
09000000490
09000000491
09000000492
09000000493
09000000494
09000000495
09000000496
09000000497
09000000498
09000000499
09000000500
09000000501
09000000502
09000000503
09000000504
09000000505
09000000506
09000000507
09000000508
09000000509
09000000510
09000000511
09000000512
09000000513
09000000514
09000000515
09000000516
09000000517
09000000518
09000000519
09000000520
09000000521
09000000522
09000000523
09000000524
09000000525
09000000526
09000000527
09000000528
09000000529
09000000530
09000000531
09000000532
09000000533
09000000534
09000000535
09000000536
09000000537
09000000538
09000000539
09000000540
09000000541
09000000542
09000000543
09000000544
09000000545
09000000546
09000000547
09000000548
09000000549
09000000550
09000000551
09000000552
09000000553
09000000554
09000000555
09000000556
09000000557
09000000558
09000000559
09000000560
09000000561
09000000562
09000000563
09000000564
09000000565
09000000566
09000000567
09000000568
09000000569
09000000570
09000000571
09000000572
09000000573
09000000574
09000000575
09000000576
09000000577
09000000578
09000000579
09000000580
09000000581
09000000582
09000000583
09000000584
09000000585
09000000586
09000000587
09000000588
09000000589
09000000590
09000000591
09000000592
09000000593
09000000594
09000000595
09000000596
09000000597
09000000598
09000000599
09000000600
09000000601
09000000602
09000000603
09000000604
09000000605
09000000606
09000000607
09000000608
09000000609
09000000610
09000000611
09000000612
09000000613
09000000614
09000000615
09000000616
09000000617
09000000618
09000000619
09000000620
09000000621
09000000622
09000000623
09000000624
09000000625
09000000626
09000000627
09000000628
09000000629
09000000630
09000000631
09000000632
09000000633
09000000634
09000000635
09000000636
09000000637
09000000638
09000000639
09000000640
09000000641
09000000642
09000000643
09000000644
09000000645
09000000646
09000000647
09000000648
09000000649
09000000650
09000000651
09000000652
09000000653
09000000654
09000000655
09000000656
09000000657
09000000658
09000000659
09000000660
09000000661
09000000662
09000000663
09000000664
09000000665
09000000666
09000000667
09000000668
09000000669
09000000670
09000000671
09000000672
09000000673
09000000674
09000000675
09000000676
09000000677
09000000678
09000000679
09000000680
09000000681
09000000682
09000000683
09000000684
09000000685
09000000686
09000000687
09000000688
09000000689
09000000690
09000000691
09000000692
09000000693
09000000694
09000000695
09000000696
09000000697
09000000698
09000000699
09000000700
09000000701
09000000702
09000000703
09000000704
09000000705
09000000706
09000000707
09000000708
09000000709
09000000710
09000000711
09000000712
09000000713
09000000714
09000000715
09000000716
09000000717
09000000718
09000000719
09000000720
09000000721
09000000722
09000000723
09000000724
09000000725
09000000726
09000000727
09000000728
09000000729
09000000730
09000000731
09000000732
09000000733
09000000734
09000000735
09000000736
09000000737
09000000738
09000000739
09000000740
09000000741
09000000742
09000000743
09000000744
09000000745
09000000746
09000000747
09000000748
09000000749
09000000750
09000000751
09000000752
09000000753
09000000754
09000000755
09000000756
09000000757
09000000758
09000000759
09000000760
09000000761
09000000762
09000000763
09000000764
09000000765
09000000766
09000000767
09000000768
09000000769
09000000770
09000000771
09000000772
09000000773
09000000774
09000000775
09000000776
09000000777
09000000778
09000000779
09000000780
09000000781
09000000782
09000000783
09000000784
09000000785
09000000786
09000000787
09000000788
09000000789
09000000790
09000000791
09000000792
09000000793
09000000794
09000000795
09000000796
09000000797
09000000798
09000000799
09000000800
09000000801
09000000802
09000000803
09000000804
09000000805
09000000806
09000000807
09000000808
09000000809
09000000810
09000000811
09000000812
09000000813
09000000814
09000000815
09000000816
09000000817
09000000818
09000000819
09000000820
09000000821
09000000822
09000000823
09000000824
09000000825
09000000826
09000000827
09000000828
09000000829
09000000830
09000000831
09000000832
09000000833
09000000834
09000000835
09000000836
09000000837
09000000838
09000000839
09000000840
09000000841
09000000842
09000000843
09000000844
09000000845
09000000846
09000000847
09000000848
09000000849
09000000850
09000000851
09000000852
09000000853
09000000854
09000000855
09000000856
09000000857
09000000858
09000000859
09000000860
09000000861
09000000862
09000000863
09000000864
09000000865
09000000866
09000000867
09000000868
09000000869
09000000870
09000000871
09000000872
09000000873
09000000874
09000000875
09000000876
09000000877
09000000878
09000000879
09000000880
09000000881
09000000882
09000000883
09000000884
09000000885
09000000886
09000000887
09000000888
09000000889
09000000890
09000000891
09000000892
09000000893
09000000894
09000000895
09000000896
09000000897
09000000898
09000000899
09000000900
09000000901
09000000902
09000000903
09000000904
09000000905
09000000906
09000000907
09000000908
09000000909
09000000910
09000000911
09000000912
09000000913
09000000914
09000000915
09000000916
09000000917
09000000918
09000000919
09000000920
09000000921
09000000922
09000000923
09000000924
09000000925
09000000926
09000000927
09000000928
09000000929
09000000930
09000000931
09000000932
09000000933
09000000934
09000000935
09000000936
09000000937
09000000938
09000000939
09000000940
09000000941
09000000942
09000000943
09000000944
09000000945
09000000946
09000000947
09000000948
09000000949
09000000950
09000000951
09000000952
09000000953
09000000954
09000000955
09000000956
09000000957
09000000958
09000000959
09000000960
09000000961
09000000962
09000000963
09000000964
09000000965
09000000966
09000000967
09000000968
09000000969
09000000970
09000000971
09000000972
09000000973
09000000974
09000000975
09000000976
09000000977
09000000978
09000000979
09000000980
09000000981
09000000982
09000000983
09000000984
09000000985
09000000986
09000000987
09000000988
09000000989
09000000990
09000000991
09000000992
09000000993
09000000994
09000000995
09000000996
09000000997
09000000998
09000000999
09000001000
09000001001
09000001002
09000001003
09000001004
09000001005
09000001006
09000001007
09000001008
09000001009
09000001010
09000001011
09000001012
09000001013
09000001014
09000001015
09000001016
09000001017
09000001018
09000001019
09000001020
09000001021
09000001022
09000001023
09000001024
09000001025
09000001026
09000001027
09000001028
09000001029
09000001030
09000001031
09000001032
09000001033
09000001034
09000001035
09000001036
09000001037
09000001038
09000001039
09000001040
09000001041
09000001042
09000001043
09000001044
09000001045
09000001046
09000001047
09000001048
09000001049
09000001050
09000001051
09000001052
09000001053
09000001054
09000001055
09000001056
09000001057
09000001058
09000001059
09000001060
09000001061
09000001062
09000001063
09000001064
09000001065
09000001066
09000001067
09000001068
09000001069
09000001070
09000001071
09000001072
09000001073
09000001074
09000001075
09000001076
09000001077
09000001078
09000001079
09000001080
09000001081
09000001082
09000001083
09000001084
09000001085
09000001086
09000001087
09000001088
09000001089
09000001090
09000001091
09000001092
09000001093
09000001094
09000001095
09000001096
09000001097
09000001098
09000001099
09000001100
09000001101
09000001102
09000001103
09000001104
09000001105
09000001106
09000001107
09000001108
09000001109
09000001110
09000001111
09000001112
09000001113
09000001114
09000001115
09000001116
09000001117
09000001118
09000001119
09000001120
09000001121
09000001122
09000001123
09000001124
09000001125
09000001126
09000001127
09000001128
09000001129
09000001130
09000001131
09000001132
09000001133
09000001134
09000001135
09000001136
09000001137
09000001138
09000001139
09000001140
09000001141
09000001142
09000001143
09000001144
09000001145
09000001146
09000001147
09000001148
09000001149
09000001150
09000001151
09000001152
09000001153
09000001154
09000001155
09000001156
09000001157
09000001158
09000001159
09000001160
09000001161
09000001162
09000001163
09000001164
09000001165
09000001166
09000001167
09000001168
09000001169
09000001170
09000001171
09000001172
09000001173
09000001174
09000001175
09000001176
09000001177
09000001178
09000001179
09000001180
09000001181
09000001182
09000001183
09000001184
09000001185
09000001186
09000001187
09000001188
09000001189
09000001190
09000001191
09000001192
09000001193
09000001194
09000001195
09000001196
09000001197
09000001198
09000001199
09000001200
09000001201
09000001202
09000001203
09000001204
09000001205
09000001206
09000001207
09000001208
09000001209
09000001210
09000001211
09000001212
09000001213
09000001214
09000001215
09000001216
09000001217
09000001218
09000001219
09000001220
09000001221
09000001222
09000001223
09000001224
09000001225
09000001226
09000001227
09000001228
09000001229
09000001230
09000001231
09000001232
09000001233
09000001234
09000001235
09000001236
09000001237
09000001238
09000001239
09000001240
09000001241
09000001242
09000001243
09000001244
09000001245
09000001246
09000001247
09000001248
09000001249
09000001250
09000001251
09000001252
09000001253
09000001254
09000001255
09000001256
09000001257
09000001258
09000001259
09000001260
09000001261
09000001262
09000001263
09000001264
09000001265
09000001266
09000001267
09000001268
09000001269
09000001270
09000001271
09000001272
09000001273
09000001274
09000001275
09000001276
09000001277
09000001278
09000001279
09000001280
09000001281
09000001282
09000001283
09000001284
09000001285
09000001286
09000001287
09000001288
09000001289
09000001290
09000001291
09000001292
09000001293
09000001294
09000001295
09000001296
09000001297
09000001298
09000001299
09000001300
09000001301
09000001302
09000001303
09000001304
09000001305
09000001306
09000001307
09000001308
09000001309
09000001310
09000001311
09000001312
09000001313
09000001314
09000001315
09000001316
09000001317
09000001318
09000001319
09000001320
09000001321
09000001322
09000001323
09000001324
09000001325
09000001326
09000001327
09000001328
09000001329
09000001330
09000001331
09000001332
09000001333
09000001334
09000001335
09000001336
09000001337
09000001338
09000001339
09000001340
09000001341
09000001342
09000001343
09000001344
09000001345
09000001346
09000001347
09000001348
09000001349
09000001350
09000001351
09000001352
09000001353
09000001354
09000001355
09000001356
09000001357
09000001358
09000001359
09000001360
09000001361
09000001362
09000001363
09000001364
09000001365
09000001366
09000001367
09000001368
09000001369
09000001370
09000001371
09000001372
09000001373
09000001374
09000001375
09000001376
09000001377
09000001378
09000001379
09000001380
09000001381
09000001382
09000001383
09000001384
09000001385
09000001386
09000001387
09000001388
09000001389
09000001390
09000001391
09000001392
09000001393
09000001394
09000001395
09000001396
09000001397
09000001398
09000001399
09000001400
09000001401
09000001402
09000001403
09000001404
09000001405
09000001406
09000001407
09000001408
09000001409
09000001410
09000001411
09000001412
09000001413
09000001414
09000001415
09000001416
09000001417
09000001418
09000001419
09000001420
09000001421
09000001422
09000001423
09000001424
09000001425
09000001426
09000001427
09000001428
09000001429
09000001430
09000001431
09000001432
09000001433
09000001434
09000001435
09000001436
09000001437
09000001438
09000001439
09000001440
09000001441
09000001442
09000001443
09000001444
09000001445
09000001446
09000001447
09000001448
09000001449
09000001450
09000001451
09000001452
09000001453
09000001454
09000001455
09000001456
09000001457
09000001458
09000001459
09000001460
09000001461
09000001462
09000001463
09000001464
09000001465
09000001466
09000001467
09000001468
09000001469
09000001470
09000001471
09000001472
09000001473
09000001474
09000001475
09000001476
09000001477
09000001478
09000001479
09000001480
09000001481
09000001482
09000001483
09000001484
09000001485
09000001486
09000001487
09000001488
09000001489
09000001490
09000001491
09000001492
09000001493
09000001494
09000001495
09000001496
09000001497
09000001498
09000001499
09000001500
09000001501
09000001502
09000001503
09000001504
09000001505
09000001506
09000001507
09000001508
09000001509
09000001510
09000001511
09000001512
09000001513
09000001514
09000001515
09000001516
09000001517
09000001518
09000001519
09000001520
09000001521
09000001522
09000001523
09000001524
09000001525
09000001526
09000001527
09000001528
09000001529
09000001530
09000001531
09000001532
09000001533
09000001534
09000001535
09000001536
09000001537
09000001538
09000001539
09000001540
09000001541
09000001542
09000001543
09000001544
09000001545
09000001546
09000001547
09000001548
09000001549
09000001550
09000001551
09000001552
09000001553
09000001554
09000001555
09000001556
09000001557
09000001558
09000001559
09000001560
09000001561
09000001562
09000001563
09000001564
09000001565
09000001566
09000001567
09000001568
09000001569
09000001570
09000001571
09000001572
09000001573
09000001574
09000001575
09000001576
09000001577
09000001578
09000001579
09000001580
09000001581
09000001582
09000001583
09000001584
09000001585
09000001586
09000001587
09000001588
09000001589
09000001590
09000001591
09000001592
09000001593
09000001594
09000001595
09000001596
09000001597
09000001598
09000001599
09000001600
09000001601
09000001602
09000001603
09000001604
09000001605
09000001606
09000001607
09000001608
09000001609
09000001610
09000001611
09000001612
09000001613
09000001614
09000001615
09000001616
09000001617
09000001618
09000001619
09000001620
09000001621
09000001622
09000001623
09000001624
09000001625
09000001626
09000001627
09000001628
09000001629
09000001630
09000001631
09000001632
09000001633
09000001634
09000001635
09000001636
09000001637
09000001638
09000001639
09000001640
09000001641
09000001642
09000001643
09000001644
09000001645
09000001646
09000001647
09000001648
09000001649
09000001650
09000001651
09000001652
09000001653
09000001654
09000001655
09000001656
09000001657
09000001658
09000001659
09000001660
09000001661
09000001662
09000001663
09000001664
09000001665
09000001666
09000001667
09000001668
09000001669
09000001670
09000001671
09000001672
09000001673
09000001674
09000001675
09000001676
09000001677
09000001678
09000001679
09000001680
09000001681
09000001682
09000001683
09000001684
09000001685
09000001686
09000001687
09000001688
09000001689
09000001690
09000001691
09000001692
09000001693
09000001694
09000001695
09000001696
09000001697
09000001698
09000001699
09000001700
09000001701
09000001702
09000001703
09000001704
09000001705
09000001706
09000001707
09000001708
09000001709
09000001710
09000001711
09000001712
09000001713
09000001714
09000001715
09000001716
09000001717
09000001718
09000001719
09000001720
09000001721
09000001722
09000001723
09000001724
09000001725
09000001726
09000001727
09000001728
09000001729
09000001730
09000001731
09000001732
09000001733
09000001734
09000001735
09000001736
09000001737
09000001738
09000001739
09000001740
09000001741
09000001742
09000001743
09000001744
09000001745
09000001746
09000001747
09000001748
09000001749
09000001750
09000001751
09000001752
09000001753
09000001754
09000001755
09000001756
09000001757
09000001758
09000001759
09000001760
09000001761
09000001762
09000001763
09000001764
09000001765
09000001766
09000001767
09000001768
09000001769
09000001770
09000001771
09000001772
09000001773
09000001774
09000001775
09000001776
09000001777
09000001778
09000001779
09000001780
09000001781
09000001782
09000001783
09000001784
09000001785
09000001786
09000001787
09000001788
09000001789
09000001790
09000001791
09000001792
09000001793
09000001794
09000001795
09000001796
09000001797
09000001798
09000001799
09000001800
09000001801
09000001802
09000001803
09000001804
09000001805
09000001806
09000001807
09000001808
09000001809
09000001810
09000001811
09000001812
09000001813
09000001814
09000001815
09000001816
09000001817
09000001818
09000001819
09000001820
09000001821
09000001822
09000001823
09000001824
09000001825
09000001826
09000001827
09000001828
09000001829
09000001830
09000001831
09000001832
09000001833
09000001834
09000001835
09000001836
09000001837
09000001838
09000001839
09000001840
09000001841
09000001842
09000001843
09000001844
09000001845
09000001846
09000001847
09000001848
09000001849
09000001850
09000001851
09000001852
09000001853
09000001854
09000001855
09000001856
09000001857
09000001858
09000001859
09000001860
09000001861
09000001862
09000001863
09000001864
09000001865
09000001866
09000001867
09000001868
09000001869
09000001870
09000001871
09000001872
09000001873
09000001874
09000001875
09000001876
09000001877
09000001878
09000001879
09000001880
09000001881
09000001882
09000001883
09000001884
09000001885
09000001886
09000001887
09000001888
09000001889
09000001890
09000001891
09000001892
09000001893
09000001894
09000001895
09000001896
09000001897
09000001898
09000001899
09000001900
09000001901
09000001902
09000001903
09000001904
09000001905
09000001906
09000001907
09000001908
09000001909
09000001910
09000001911
09000001912
09000001913
09000001914
09000001915
09000001916
09000001917
09000001918
09000001919
09000001920
09000001921
09000001922
09000001923
09000001924
09000001925
09000001926
09000001927
09000001928
09000001929
09000001930
09000001931
09000001932
09000001933
09000001934
09000001935
09000001936
09000001937
09000001938
09000001939
09000001940
09000001941
09000001942
09000001943
09000001944
09000001945
09000001946
09000001947
09000001948
09000001949
09000001950
09000001951
09000001952
09000001953
09000001954
09000001955
09000001956
09000001957
09000001958
09000001959
09000001960
09000001961
09000001962
09000001963
09000001964
09000001965
09000001966
09000001967
09000001968
09000001969
09000001970
09000001971
09000001972
09000001973
09000001974
09000001975
09000001976
09000001977
09000001978
09000001979
09000001980
09000001981
09000001982
09000001983
09000001984
09000001985
09000001986
09000001987
09000001988
09000001989
09000001990
09000001991
09000001992
09000001993
09000001994
09000001995
09000001996
09000001997
09000001998
09000001999
09000002000